32 0 0 0 0 0.313726 0 0 0 0
33 0.0980392 0.745098 0.117647 0.745098 0.313726 0.0996094 0 0.00976562 0.0742188
34 0.27451 0.235294 0.0588235 0.784314 0.372549 0.199219 0 0.0273438 0.0234375
35 0.627451 0.745098 0 0.745098 0.627451 0.298828 0 0.0625 0.0742188
36 0.392157 0.862745 0.117647 0.803922 0.627451 0.398438 0 0.0390625 0.0859375
37 0.666667 0.745098 0 0.745098 0.666667 0.498047 0 0.0664062 0.0742188
38 0.627451 0.745098 0.0392157 0.745098 0.705882 0.597656 0 0.0625 0.0742188
39 0.117647 0.27451 0.0588235 0.784314 0.235294 0.697266 0 0.0117188 0.0273438
40 0.235294 0.921569 0.0588235 0.784314 0.333333 0.796875 0 0.0234375 0.0917969
41 0.235294 0.901961 0.0392157 0.764706 0.333333 0.896484 0 0.0234375 0.0898438
42 0.392157 0.352941 0.0588235 0.72549 0.490196 0 0.0996094 0.0390625 0.0351562
43 0.588235 0.588235 0.117647 0.588235 0.803922 0.0996094 0.0996094 0.0585938 0.0585938
44 0.117647 0.27451 0.0980392 0.117647 0.313726 0.199219 0.0996094 0.0117188 0.0273438
45 0.431373 0.0784314 0.0784314 0.333333 0.588235 0.298828 0.0996094 0.0429688 0.0078125
46 0.117647 0.117647 0.0980392 0.117647 0.313726 0.398438 0.0996094 0.0117188 0.0117188
47 0.372549 0.882353 0.0784314 0.745098 0.529412 0.498047 0.0996094 0.0371094 0.0878906
48 0.509804 0.745098 0.0588235 0.745098 0.627451 0.597656 0.0996094 0.0507812 0.0742188
49 0.372549 0.745098 0.156863 0.745098 0.627451 0.697266 0.0996094 0.0371094 0.0742188
50 0.431373 0.745098 0.0784314 0.745098 0.627451 0.796875 0.0996094 0.0429688 0.0742188
51 0.411765 0.745098 0.0980392 0.745098 0.627451 0.896484 0.0996094 0.0410156 0.0742188
52 0.509804 0.745098 0.0588235 0.745098 0.627451 0 0.199219 0.0507812 0.0742188
53 0.392157 0.745098 0.117647 0.745098 0.627451 0.0996094 0.199219 0.0390625 0.0742188
54 0.490196 0.745098 0.0588235 0.745098 0.627451 0.199219 0.199219 0.0488281 0.0742188
55 0.45098 0.745098 0.117647 0.745098 0.627451 0.298828 0.199219 0.0449219 0.0742188
56 0.490196 0.745098 0.0784314 0.745098 0.627451 0.398438 0.199219 0.0488281 0.0742188
57 0.490196 0.745098 0.0784314 0.745098 0.627451 0.498047 0.199219 0.0488281 0.0742188
58 0.0980392 0.54902 0.117647 0.54902 0.313726 0.597656 0.199219 0.00976562 0.0546875
59 0.0980392 0.705882 0.117647 0.54902 0.313726 0.697266 0.199219 0.00976562 0.0703125
60 0.568627 0.568627 0.117647 0.568627 0.803922 0.796875 0.199219 0.0566406 0.0566406
61 0.568627 0.254902 0.117647 0.411765 0.803922 0.896484 0.199219 0.0566406 0.0253906
62 0.607843 0.568627 0.0980392 0.568627 0.803922 0 0.298828 0.0605469 0.0566406
63 0.392157 0.745098 0.0196078 0.745098 0.431373 0.0996094 0.298828 0.0390625 0.0742188
64 0.784314 0.941176 0.0392157 0.745098 0.862745 0.199219 0.298828 0.078125 0.09375
65 0.666667 0.745098 0 0.745098 0.686275 0.298828 0.298828 0.0664062 0.0742188
66 0.431373 0.745098 0.0980392 0.745098 0.568627 0.398438 0.298828 0.0429688 0.0742188
67 0.568627 0.745098 0.0588235 0.745098 0.686275 0.498047 0.298828 0.0566406 0.0742188
68 0.588235 0.745098 0.0980392 0.745098 0.745098 0.597656 0.298828 0.0585938 0.0742188
69 0.431373 0.745098 0.0980392 0.745098 0.54902 0.697266 0.298828 0.0429688 0.0742188
70 0.392157 0.745098 0.0980392 0.745098 0.529412 0.796875 0.298828 0.0390625 0.0742188
71 0.568627 0.745098 0.0588235 0.745098 0.72549 0.896484 0.298828 0.0566406 0.0742188
72 0.529412 0.745098 0.0980392 0.745098 0.72549 0 0.398438 0.0527344 0.0742188
73 0.0980392 0.745098 0.0980392 0.745098 0.294118 0.0996094 0.398438 0.00976562 0.0742188
74 0.313726 0.882353 -0.0980392 0.745098 0.313726 0.199219 0.398438 0.03125 0.0878906
75 0.54902 0.745098 0.0980392 0.745098 0.647059 0.298828 0.398438 0.0546875 0.0742188
76 0.411765 0.745098 0.0980392 0.745098 0.529412 0.398438 0.398438 0.0410156 0.0742188
77 0.666667 0.745098 0.0980392 0.745098 0.862745 0.498047 0.398438 0.0664062 0.0742188
78 0.54902 0.745098 0.0980392 0.745098 0.745098 0.597656 0.398438 0.0546875 0.0742188
79 0.666667 0.745098 0.0588235 0.745098 0.784314 0.697266 0.398438 0.0664062 0.0742188
80 0.431373 0.745098 0.0980392 0.745098 0.54902 0.796875 0.398438 0.0429688 0.0742188
81 0.745098 0.882353 0.0588235 0.745098 0.784314 0.896484 0.398438 0.0742188 0.0878906
82 0.509804 0.745098 0.0980392 0.745098 0.627451 0 0.498047 0.0507812 0.0742188
83 0.411765 0.745098 0.0588235 0.745098 0.529412 0.0996094 0.498047 0.0410156 0.0742188
84 0.607843 0.745098 0 0.745098 0.627451 0.199219 0.498047 0.0605469 0.0742188
85 0.490196 0.745098 0.0980392 0.745098 0.686275 0.298828 0.498047 0.0488281 0.0742188
86 0.627451 0.745098 0.0196078 0.745098 0.647059 0.398438 0.498047 0.0625 0.0742188
87 0.862745 0.745098 0 0.745098 0.862745 0.498047 0.498047 0.0859375 0.0742188
88 0.627451 0.745098 0 0.745098 0.627451 0.597656 0.498047 0.0625 0.0742188
89 0.588235 0.745098 0.0196078 0.745098 0.627451 0.697266 0.498047 0.0585938 0.0742188
90 0.509804 0.745098 0.0392157 0.745098 0.607843 0.796875 0.498047 0.0507812 0.0742188
91 0.196078 0.921569 0.0980392 0.784314 0.333333 0.896484 0.498047 0.0195312 0.0917969
92 0.352941 0.862745 0.0784314 0.72549 0.529412 0 0.597656 0.0351562 0.0859375
93 0.196078 0.921569 0.0392157 0.764706 0.333333 0.0996094 0.597656 0.0195312 0.0917969
94 0.568627 0.529412 0.0392157 0.745098 0.627451 0.199219 0.597656 0.0566406 0.0527344
95 0.509804 0.0784314 0 -0.0980392 0.509804 0.298828 0.597656 0.0507812 0.0078125
96 0.235294 0.156863 0.196078 0.784314 0.607843 0.398438 0.597656 0.0234375 0.015625
97 0.470588 0.54902 0.0588235 0.54902 0.54902 0.498047 0.597656 0.046875 0.0546875
98 0.470588 0.784314 0.0980392 0.784314 0.627451 0.597656 0.597656 0.046875 0.078125
99 0.392157 0.54902 0.0588235 0.54902 0.509804 0.697266 0.597656 0.0390625 0.0546875
100 0.470588 0.784314 0.0588235 0.784314 0.627451 0.796875 0.597656 0.046875 0.078125
101 0.431373 0.54902 0.0588235 0.54902 0.54902 0.896484 0.597656 0.0429688 0.0546875
102 0.372549 0.784314 0.0392157 0.784314 0.372549 0 0.697266 0.0371094 0.078125
103 0.470588 0.745098 0.0588235 0.54902 0.627451 0.0996094 0.697266 0.046875 0.0742188
104 0.431373 0.784314 0.0980392 0.784314 0.627451 0.199219 0.697266 0.0429688 0.078125
105 0.0980392 0.745098 0.0980392 0.745098 0.294118 0.298828 0.697266 0.00976562 0.0742188
106 0.294118 0.941176 -0.0784314 0.745098 0.313726 0.398438 0.697266 0.0292969 0.09375
107 0.490196 0.784314 0.0980392 0.784314 0.588235 0.498047 0.697266 0.0488281 0.078125
108 0.0980392 0.784314 0.0980392 0.784314 0.294118 0.597656 0.697266 0.00976562 0.078125
109 0.764706 0.54902 0.0784314 0.54902 0.941176 0.697266 0.697266 0.0761719 0.0546875
110 0.431373 0.54902 0.0980392 0.54902 0.627451 0.796875 0.697266 0.0429688 0.0546875
111 0.490196 0.54902 0.0588235 0.54902 0.607843 0.896484 0.697266 0.0488281 0.0546875
112 0.470588 0.745098 0.0980392 0.54902 0.627451 0 0.796875 0.046875 0.0742188
113 0.470588 0.745098 0.0588235 0.54902 0.627451 0.0996094 0.796875 0.046875 0.0742188
114 0.294118 0.54902 0.0980392 0.54902 0.411765 0.199219 0.796875 0.0292969 0.0546875
115 0.352941 0.54902 0.0784314 0.54902 0.509804 0.298828 0.796875 0.0351562 0.0546875
116 0.294118 0.647059 0.0392157 0.647059 0.372549 0.398438 0.796875 0.0292969 0.0644531
117 0.431373 0.54902 0.0980392 0.54902 0.627451 0.498047 0.796875 0.0429688 0.0546875
118 0.490196 0.54902 0 0.54902 0.509804 0.597656 0.796875 0.0488281 0.0546875
119 0.764706 0.54902 0 0.54902 0.764706 0.697266 0.796875 0.0761719 0.0546875
120 0.568627 0.54902 0.0196078 0.54902 0.607843 0.796875 0.796875 0.0566406 0.0546875
121 0.568627 0.745098 -0.0196078 0.54902 0.529412 0.896484 0.796875 0.0566406 0.0742188
122 0.45098 0.54902 0.0588235 0.54902 0.568627 0 0.896484 0.0449219 0.0546875
123 0.254902 0.921569 0 0.784314 0.333333 0.0996094 0.896484 0.0253906 0.0917969
124 0.0784314 0.921569 0.156863 0.784314 0.372549 0.199219 0.896484 0.0078125 0.0917969
125 0.254902 0.901961 0.0588235 0.764706 0.333333 0.298828 0.896484 0.0253906 0.0898438
126 0.509804 0.176471 0.0588235 0.372549 0.627451 0.398438 0.896484 0.0507812 0.0175781
