32 0 0 0 0 0.604938 0.0292969 0.0292969 0 0
33 0.111111 0.62963 0.246914 0.617284 0.604938 0.108398 0.0292969 0.00878906 0.0498047
34 0.333333 0.271605 0.135802 0.617284 0.604938 0.1875 0.0292969 0.0263672 0.0214844
35 0.419753 0.716049 0.0864198 0.654321 0.604938 0.266602 0.0292969 0.0332031 0.0566406
36 0.382716 0.765432 0.0987654 0.666667 0.604938 0.345703 0.0292969 0.0302734 0.0605469
37 0.382716 0.62963 0.0987654 0.617284 0.604938 0.424805 0.0292969 0.0302734 0.0498047
38 0.37037 0.54321 0.123457 0.530864 0.604938 0.503906 0.0292969 0.0292969 0.0429688
39 0.135802 0.296296 0.222222 0.617284 0.604938 0.583008 0.0292969 0.0107422 0.0234375
40 0.148148 0.740741 0.283951 0.617284 0.604938 0.662109 0.0292969 0.0117188 0.0585938
41 0.148148 0.740741 0.17284 0.617284 0.604938 0.741211 0.0292969 0.0117188 0.0585938
42 0.37037 0.37037 0.111111 0.617284 0.604938 0.820312 0.0292969 0.0292969 0.0292969
43 0.45679 0.506173 0.0740741 0.530864 0.604938 0.899414 0.0292969 0.0361328 0.0400391
44 0.197531 0.296296 0.148148 0.148148 0.604938 0.0292969 0.137695 0.015625 0.0234375
45 0.432099 0.0617284 0.0864198 0.320988 0.604938 0.108398 0.137695 0.0341797 0.00488281
46 0.148148 0.135802 0.222222 0.123457 0.604938 0.1875 0.137695 0.0117188 0.0107422
47 0.395062 0.765432 0.0987654 0.679012 0.604938 0.266602 0.137695 0.03125 0.0605469
48 0.395062 0.641975 0.111111 0.62963 0.604938 0.345703 0.137695 0.03125 0.0507812
49 0.382716 0.641975 0.111111 0.641975 0.604938 0.424805 0.137695 0.0302734 0.0507812
50 0.395062 0.62963 0.0864198 0.62963 0.604938 0.503906 0.137695 0.03125 0.0498047
51 0.407407 0.641975 0.0987654 0.62963 0.604938 0.583008 0.137695 0.0322266 0.0507812
52 0.382716 0.617284 0.0987654 0.617284 0.604938 0.662109 0.137695 0.0302734 0.0488281
53 0.407407 0.62963 0.0987654 0.617284 0.604938 0.741211 0.137695 0.0322266 0.0498047
54 0.395062 0.641975 0.123457 0.62963 0.604938 0.820312 0.137695 0.03125 0.0507812
55 0.382716 0.617284 0.0864198 0.617284 0.604938 0.899414 0.137695 0.0302734 0.0488281
56 0.37037 0.641975 0.111111 0.62963 0.604938 0.0292969 0.246094 0.0292969 0.0507812
57 0.382716 0.641975 0.135802 0.62963 0.604938 0.108398 0.246094 0.0302734 0.0507812
58 0.148148 0.444444 0.222222 0.432099 0.604938 0.1875 0.246094 0.0117188 0.0351562
59 0.222222 0.518519 0.160494 0.432099 0.604938 0.266602 0.246094 0.0175781 0.0410156
60 0.481481 0.530864 0.0493827 0.555556 0.604938 0.345703 0.246094 0.0380859 0.0419922
61 0.506173 0.185185 0.0493827 0.382716 0.604938 0.424805 0.246094 0.0400391 0.0146484
62 0.481481 0.530864 0.0740741 0.555556 0.604938 0.503906 0.246094 0.0380859 0.0419922
63 0.358025 0.592593 0.135802 0.580247 0.604938 0.583008 0.246094 0.0283203 0.046875
64 0.382716 0.691358 0.111111 0.641975 0.604938 0.662109 0.246094 0.0302734 0.0546875
65 0.592593 0.580247 0 0.580247 0.604938 0.741211 0.246094 0.046875 0.0458984
66 0.493827 0.580247 0.0493827 0.580247 0.604938 0.820312 0.246094 0.0390625 0.0458984
67 0.481481 0.604938 0.0617284 0.592593 0.604938 0.899414 0.246094 0.0380859 0.0478516
68 0.469136 0.580247 0.0864198 0.580247 0.604938 0.0292969 0.354492 0.0371094 0.0458984
69 0.469136 0.580247 0.0493827 0.580247 0.604938 0.108398 0.354492 0.0371094 0.0458984
70 0.469136 0.580247 0.0987654 0.580247 0.604938 0.1875 0.354492 0.0371094 0.0458984
71 0.506173 0.604938 0.0617284 0.592593 0.604938 0.266602 0.354492 0.0400391 0.0478516
72 0.506173 0.580247 0.0493827 0.580247 0.604938 0.345703 0.354492 0.0400391 0.0458984
73 0.382716 0.580247 0.0987654 0.580247 0.604938 0.424805 0.354492 0.0302734 0.0458984
74 0.493827 0.592593 0.0864198 0.580247 0.604938 0.503906 0.354492 0.0390625 0.046875
75 0.54321 0.580247 0.0493827 0.580247 0.604938 0.583008 0.354492 0.0429688 0.0458984
76 0.481481 0.580247 0.0617284 0.580247 0.604938 0.662109 0.354492 0.0380859 0.0458984
77 0.54321 0.580247 0.0246914 0.580247 0.604938 0.741211 0.354492 0.0429688 0.0458984
78 0.518519 0.580247 0.0246914 0.580247 0.604938 0.820312 0.354492 0.0410156 0.0458984
79 0.506173 0.604938 0.0493827 0.592593 0.604938 0.899414 0.354492 0.0400391 0.0478516
80 0.45679 0.580247 0.0864198 0.580247 0.604938 0.0292969 0.462891 0.0361328 0.0458984
81 0.518519 0.703704 0.0493827 0.592593 0.604938 0.108398 0.462891 0.0410156 0.0556641
82 0.518519 0.580247 0.0493827 0.580247 0.604938 0.1875 0.462891 0.0410156 0.0458984
83 0.419753 0.604938 0.0864198 0.592593 0.604938 0.266602 0.462891 0.0332031 0.0478516
84 0.45679 0.580247 0.0740741 0.580247 0.604938 0.345703 0.462891 0.0361328 0.0458984
85 0.493827 0.592593 0.0493827 0.580247 0.604938 0.424805 0.462891 0.0390625 0.046875
86 0.567901 0.580247 0.0123457 0.580247 0.604938 0.503906 0.462891 0.0449219 0.0458984
87 0.555556 0.580247 0.0123457 0.580247 0.604938 0.583008 0.462891 0.0439453 0.0458984
88 0.530864 0.580247 0.0246914 0.580247 0.604938 0.662109 0.462891 0.0419922 0.0458984
89 0.506173 0.580247 0.0493827 0.580247 0.604938 0.741211 0.462891 0.0400391 0.0458984
90 0.395062 0.580247 0.0987654 0.580247 0.604938 0.820312 0.462891 0.03125 0.0458984
91 0.160494 0.740741 0.271605 0.617284 0.604938 0.899414 0.462891 0.0126953 0.0585938
92 0.395062 0.765432 0.0987654 0.679012 0.604938 0.0292969 0.571289 0.03125 0.0605469
93 0.160494 0.740741 0.148148 0.617284 0.604938 0.108398 0.571289 0.0126953 0.0585938
94 0.382716 0.271605 0.111111 0.62963 0.604938 0.1875 0.571289 0.0302734 0.0214844
95 0.604938 0.037037 0 -0.234568 0.604938 0.266602 0.571289 0.0478516 0.00292969
96 0.17284 0.148148 0.222222 0.654321 0.604938 0.345703 0.571289 0.0136719 0.0117188
97 0.469136 0.45679 0.0740741 0.444444 0.604938 0.424805 0.571289 0.0371094 0.0361328
98 0.518519 0.62963 0.0246914 0.617284 0.604938 0.503906 0.571289 0.0410156 0.0498047
99 0.469136 0.45679 0.0740741 0.444444 0.604938 0.583008 0.571289 0.0371094 0.0361328
100 0.518519 0.62963 0.0617284 0.617284 0.604938 0.662109 0.571289 0.0410156 0.0498047
101 0.45679 0.45679 0.0740741 0.444444 0.604938 0.741211 0.571289 0.0361328 0.0361328
102 0.444444 0.617284 0.0987654 0.617284 0.604938 0.820312 0.571289 0.0351562 0.0488281
103 0.481481 0.62963 0.0740741 0.444444 0.604938 0.899414 0.571289 0.0380859 0.0498047
104 0.506173 0.617284 0.0493827 0.617284 0.604938 0.0292969 0.679688 0.0400391 0.0488281
105 0.407407 0.641975 0.0864198 0.641975 0.604938 0.108398 0.679688 0.0322266 0.0507812
106 0.308642 0.82716 0.0864198 0.641975 0.604938 0.1875 0.679688 0.0244141 0.0654297
107 0.469136 0.617284 0.0987654 0.617284 0.604938 0.266602 0.679688 0.0371094 0.0488281
108 0.407407 0.617284 0.0864198 0.617284 0.604938 0.345703 0.679688 0.0322266 0.0488281
109 0.604938 0.444444 0 0.444444 0.604938 0.424805 0.679688 0.0478516 0.0351562
110 0.506173 0.444444 0.0493827 0.444444 0.604938 0.503906 0.679688 0.0400391 0.0351562
111 0.45679 0.45679 0.0740741 0.444444 0.604938 0.583008 0.679688 0.0361328 0.0361328
112 0.518519 0.62963 0.0246914 0.444444 0.604938 0.662109 0.679688 0.0410156 0.0498047
113 0.506173 0.62963 0.0740741 0.444444 0.604938 0.741211 0.679688 0.0400391 0.0498047
114 0.45679 0.444444 0.0864198 0.444444 0.604938 0.820312 0.679688 0.0361328 0.0351562
115 0.407407 0.45679 0.0987654 0.444444 0.604938 0.899414 0.679688 0.0322266 0.0361328
116 0.45679 0.592593 0.0617284 0.580247 0.604938 0.0292969 0.788086 0.0361328 0.046875
117 0.506173 0.444444 0.0493827 0.432099 0.604938 0.108398 0.788086 0.0400391 0.0351562
118 0.530864 0.432099 0.037037 0.432099 0.604938 0.1875 0.788086 0.0419922 0.0341797
119 0.54321 0.432099 0.037037 0.432099 0.604938 0.266602 0.788086 0.0429688 0.0341797
120 0.506173 0.432099 0.0493827 0.432099 0.604938 0.345703 0.788086 0.0400391 0.0341797
121 0.518519 0.617284 0.0617284 0.432099 0.604938 0.424805 0.788086 0.0410156 0.0488281
122 0.395062 0.432099 0.0987654 0.432099 0.604938 0.503906 0.788086 0.03125 0.0341797
123 0.209877 0.728395 0.197531 0.604938 0.604938 0.583008 0.788086 0.0166016 0.0576172
124 0.037037 0.740741 0.271605 0.617284 0.604938 0.662109 0.788086 0.00292969 0.0585938
125 0.209877 0.728395 0.185185 0.604938 0.604938 0.741211 0.788086 0.0166016 0.0576172
126 0.432099 0.148148 0.0864198 0.358025 0.604938 0.820312 0.788086 0.0341797 0.0117188
