32 0 0 0 0 0.345679 0.0292969 0.0292969 0 0
33 0.0987654 0.728395 0.148148 0.728395 0.395062 0.108398 0.0292969 0.0078125 0.0576172
34 0.296296 0.283951 0.0864198 0.765432 0.45679 0.1875 0.0292969 0.0234375 0.0224609
35 0.62963 0.728395 0.0987654 0.728395 0.814815 0.266602 0.0292969 0.0498047 0.0576172
36 0.493827 0.950617 0.0740741 0.777778 0.641975 0.345703 0.0292969 0.0390625 0.0751953
37 0.925926 0.753086 0.0740741 0.740741 1.07407 0.424805 0.0292969 0.0732422 0.0595703
38 0.703704 0.753086 0.0617284 0.740741 0.728395 0.503906 0.0292969 0.0556641 0.0595703
39 0.111111 0.283951 0.0740741 0.765432 0.271605 0.583008 0.0292969 0.00878906 0.0224609
40 0.296296 0.962963 0.0864198 0.765432 0.45679 0.662109 0.0292969 0.0234375 0.0761719
41 0.296296 0.962963 0.0740741 0.765432 0.45679 0.741211 0.0292969 0.0234375 0.0761719
42 0.481481 0.45679 0.0740741 0.765432 0.641975 0.820312 0.0292969 0.0380859 0.0361328
43 0.62963 0.617284 0.0987654 0.62963 0.814815 0.0292969 0.137695 0.0498047 0.0488281
44 0.209877 0.320988 0.0740741 0.135802 0.358025 0.108398 0.137695 0.0166016 0.0253906
45 0.308642 0.0740741 0.0740741 0.358025 0.45679 0.1875 0.137695 0.0244141 0.00585938
46 0.111111 0.135802 0.123457 0.135802 0.358025 0.266602 0.137695 0.00878906 0.0107422
47 0.432099 0.91358 -0.0123457 0.765432 0.45679 0.345703 0.137695 0.0341797 0.0722656
48 0.518519 0.753086 0.0617284 0.740741 0.641975 0.424805 0.137695 0.0410156 0.0595703
49 0.395062 0.728395 0.135802 0.728395 0.641975 0.503906 0.137695 0.03125 0.0576172
50 0.506173 0.740741 0.0740741 0.740741 0.641975 0.583008 0.137695 0.0400391 0.0585938
51 0.481481 0.753086 0.0864198 0.740741 0.641975 0.662109 0.137695 0.0380859 0.0595703
52 0.555556 0.728395 0.037037 0.728395 0.641975 0.741211 0.137695 0.0439453 0.0576172
53 0.481481 0.753086 0.0864198 0.740741 0.641975 0.820312 0.137695 0.0380859 0.0595703
54 0.530864 0.753086 0.0617284 0.740741 0.641975 0.899414 0.137695 0.0419922 0.0595703
55 0.493827 0.728395 0.0740741 0.728395 0.641975 0.0292969 0.246094 0.0390625 0.0576172
56 0.518519 0.753086 0.0617284 0.740741 0.641975 0.108398 0.246094 0.0410156 0.0595703
57 0.530864 0.753086 0.0493827 0.740741 0.641975 0.1875 0.246094 0.0419922 0.0595703
58 0.111111 0.54321 0.17284 0.54321 0.45679 0.266602 0.246094 0.00878906 0.0429688
59 0.209877 0.728395 0.111111 0.54321 0.45679 0.345703 0.246094 0.0166016 0.0576172
60 0.567901 0.555556 0.123457 0.592593 0.814815 0.424805 0.246094 0.0449219 0.0439453
61 0.580247 0.283951 0.123457 0.45679 0.814815 0.503906 0.246094 0.0458984 0.0224609
62 0.567901 0.555556 0.135802 0.592593 0.814815 0.583008 0.246094 0.0449219 0.0439453
63 0.407407 0.740741 0.0740741 0.740741 0.54321 0.662109 0.246094 0.0322266 0.0585938
64 0.82716 0.851852 0.0864198 0.740741 1 0.741211 0.246094 0.0654297 0.0673828
65 0.654321 0.728395 0.0123457 0.728395 0.679012 0.820312 0.246094 0.0517578 0.0576172
66 0.555556 0.728395 0.0987654 0.728395 0.691358 0.0292969 0.354492 0.0439453 0.0576172
67 0.604938 0.753086 0.0617284 0.740741 0.703704 0.108398 0.354492 0.0478516 0.0595703
68 0.604938 0.728395 0.0987654 0.728395 0.765432 0.1875 0.354492 0.0478516 0.0576172
69 0.469136 0.728395 0.0987654 0.728395 0.62963 0.266602 0.354492 0.0371094 0.0576172
70 0.469136 0.728395 0.0987654 0.728395 0.580247 0.345703 0.354492 0.0371094 0.0576172
71 0.641975 0.753086 0.0617284 0.740741 0.777778 0.424805 0.354492 0.0507812 0.0595703
72 0.555556 0.728395 0.0987654 0.728395 0.753086 0.503906 0.354492 0.0439453 0.0576172
73 0.296296 0.728395 0.0617284 0.728395 0.419753 0.583008 0.354492 0.0234375 0.0576172
74 0.345679 0.740741 0.0246914 0.728395 0.45679 0.662109 0.354492 0.0273438 0.0585938
75 0.580247 0.728395 0.0987654 0.728395 0.691358 0.741211 0.354492 0.0458984 0.0576172
76 0.45679 0.728395 0.0987654 0.728395 0.555556 0.820312 0.354492 0.0361328 0.0576172
77 0.641975 0.728395 0.0987654 0.728395 0.839506 0.0292969 0.462891 0.0507812 0.0576172
78 0.555556 0.728395 0.0987654 0.728395 0.753086 0.108398 0.462891 0.0439453 0.0576172
79 0.666667 0.753086 0.0617284 0.740741 0.790123 0.1875 0.462891 0.0527344 0.0595703
80 0.481481 0.728395 0.0987654 0.728395 0.604938 0.266602 0.462891 0.0380859 0.0576172
81 0.679012 0.938272 0.0617284 0.740741 0.790123 0.345703 0.462891 0.0537109 0.0742188
82 0.604938 0.728395 0.0987654 0.728395 0.691358 0.424805 0.462891 0.0478516 0.0576172
83 0.555556 0.753086 0.0617284 0.740741 0.679012 0.503906 0.462891 0.0439453 0.0595703
84 0.617284 0.728395 0 0.728395 0.617284 0.583008 0.462891 0.0488281 0.0576172
85 0.555556 0.740741 0.0864198 0.728395 0.728395 0.662109 0.462891 0.0439453 0.0585938
86 0.654321 0.728395 0.0123457 0.728395 0.679012 0.741211 0.462891 0.0517578 0.0576172
87 0.888889 0.728395 0.0493827 0.728395 0.987654 0.820312 0.462891 0.0703125 0.0576172
88 0.604938 0.728395 0.037037 0.728395 0.679012 0.0292969 0.571289 0.0478516 0.0576172
89 0.617284 0.728395 0 0.728395 0.617284 0.108398 0.571289 0.0488281 0.0576172
90 0.555556 0.728395 0.0617284 0.728395 0.679012 0.1875 0.571289 0.0439453 0.0576172
91 0.259259 0.962963 0.111111 0.765432 0.45679 0.266602 0.571289 0.0205078 0.0761719
92 0.432099 0.91358 0.037037 0.765432 0.45679 0.345703 0.571289 0.0341797 0.0722656
93 0.259259 0.962963 0.0864198 0.765432 0.45679 0.424805 0.571289 0.0205078 0.0761719
94 0.641975 0.395062 0.0864198 0.728395 0.814815 0.503906 0.571289 0.0507812 0.03125
95 0.641975 0.0493827 0 -0.0864198 0.641975 0.583008 0.571289 0.0507812 0.00390625
96 0.209877 0.185185 0.160494 0.82716 0.641975 0.662109 0.571289 0.0166016 0.0146484
97 0.469136 0.567901 0.0493827 0.555556 0.604938 0.741211 0.571289 0.0371094 0.0449219
98 0.481481 0.777778 0.0864198 0.765432 0.617284 0.820312 0.571289 0.0380859 0.0615234
99 0.444444 0.567901 0.0493827 0.555556 0.518519 0.899414 0.571289 0.0351562 0.0449219
100 0.481481 0.777778 0.0493827 0.765432 0.617284 0.0292969 0.679688 0.0380859 0.0615234
101 0.493827 0.567901 0.0493827 0.555556 0.592593 0.108398 0.679688 0.0390625 0.0449219
102 0.345679 0.765432 0.037037 0.765432 0.345679 0.1875 0.679688 0.0273438 0.0605469
103 0.481481 0.753086 0.0493827 0.555556 0.617284 0.266602 0.679688 0.0380859 0.0595703
104 0.45679 0.765432 0.0864198 0.765432 0.62963 0.345703 0.679688 0.0361328 0.0605469
105 0.0864198 0.728395 0.0864198 0.728395 0.259259 0.424805 0.679688 0.00683594 0.0576172
106 0.283951 0.925926 -0.0246914 0.728395 0.345679 0.503906 0.679688 0.0224609 0.0732422
107 0.481481 0.765432 0.0987654 0.765432 0.592593 0.583008 0.679688 0.0380859 0.0605469
108 0.0864198 0.765432 0.0864198 0.765432 0.259259 0.662109 0.679688 0.00683594 0.0605469
109 0.802469 0.555556 0.0864198 0.555556 0.975309 0.741211 0.679688 0.0634766 0.0439453
110 0.45679 0.555556 0.0864198 0.555556 0.62963 0.820312 0.679688 0.0361328 0.0439453
111 0.506173 0.567901 0.0493827 0.555556 0.604938 0.899414 0.679688 0.0400391 0.0449219
112 0.481481 0.753086 0.0864198 0.555556 0.617284 0.0292969 0.788086 0.0380859 0.0595703
113 0.481481 0.753086 0.0493827 0.555556 0.617284 0.108398 0.788086 0.0380859 0.0595703
114 0.345679 0.54321 0.0864198 0.54321 0.432099 0.1875 0.788086 0.0273438 0.0429688
115 0.432099 0.567901 0.0493827 0.555556 0.518519 0.266602 0.788086 0.0341797 0.0449219
116 0.345679 0.716049 0.0246914 0.703704 0.395062 0.345703 0.788086 0.0273438 0.0566406
117 0.45679 0.555556 0.0864198 0.54321 0.62963 0.424805 0.788086 0.0361328 0.0439453
118 0.54321 0.54321 0.0246914 0.54321 0.592593 0.503906 0.788086 0.0429688 0.0429688
119 0.740741 0.54321 0.037037 0.54321 0.814815 0.583008 0.788086 0.0585938 0.0429688
120 0.54321 0.54321 0.0246914 0.54321 0.592593 0.662109 0.788086 0.0429688 0.0429688
121 0.54321 0.740741 0.0246914 0.54321 0.592593 0.741211 0.788086 0.0429688 0.0585938
122 0.444444 0.54321 0.0493827 0.54321 0.530864 0.820312 0.788086 0.0351562 0.0429688
123 0.45679 0.962963 0.0864198 0.765432 0.62963 0.899414 0.788086 0.0361328 0.0761719
124 0.0864198 0.962963 0.185185 0.765432 0.45679 0.0292969 0.896484 0.00683594 0.0761719
125 0.45679 0.962963 0.0864198 0.765432 0.62963 0.108398 0.896484 0.0361328 0.0761719
126 0.641975 0.283951 0.0864198 0.469136 0.814815 0.1875 0.896484 0.0507812 0.0224609
