32 0 0 0 0 0.283951 0.0292969 0.0292969 0 0
33 0.0864198 0.716049 0.111111 0.716049 0.308642 0.108398 0.0292969 0.00683594 0.0566406
34 0.271605 0.259259 0.037037 0.716049 0.358025 0.1875 0.0292969 0.0214844 0.0205078
35 0.518519 0.716049 0.0123457 0.716049 0.555556 0.266602 0.0292969 0.0410156 0.0566406
36 0.469136 0.851852 0.037037 0.753086 0.555556 0.345703 0.0292969 0.0371094 0.0673828
37 0.765432 0.740741 0.0617284 0.728395 0.888889 0.424805 0.0292969 0.0605469 0.0585938
38 0.592593 0.740741 0.0493827 0.728395 0.666667 0.503906 0.0292969 0.046875 0.0585938
39 0.0864198 0.259259 0.0493827 0.716049 0.185185 0.583008 0.0292969 0.00683594 0.0205078
40 0.234568 0.91358 0.0617284 0.716049 0.333333 0.662109 0.0292969 0.0185547 0.0722656
41 0.234568 0.91358 0.037037 0.716049 0.333333 0.741211 0.0292969 0.0185547 0.0722656
42 0.345679 0.308642 0.037037 0.716049 0.395062 0.820312 0.0292969 0.0273438 0.0244141
43 0.481481 0.481481 0.0493827 0.592593 0.580247 0.899414 0.0292969 0.0380859 0.0380859
44 0.0864198 0.234568 0.0864198 0.0864198 0.283951 0.0292969 0.137695 0.00683594 0.0185547
45 0.271605 0.0864198 0.037037 0.296296 0.333333 0.108398 0.137695 0.0214844 0.00683594
46 0.0864198 0.0864198 0.0864198 0.0864198 0.283951 0.1875 0.137695 0.00683594 0.00683594
47 0.296296 0.716049 0 0.716049 0.283951 0.266602 0.137695 0.0234375 0.0566406
48 0.45679 0.728395 0.0493827 0.716049 0.555556 0.345703 0.137695 0.0361328 0.0576172
49 0.259259 0.716049 0.111111 0.716049 0.555556 0.424805 0.137695 0.0205078 0.0566406
50 0.481481 0.716049 0.0123457 0.716049 0.555556 0.503906 0.137695 0.0380859 0.0566406
51 0.45679 0.728395 0.0493827 0.716049 0.555556 0.583008 0.137695 0.0361328 0.0576172
52 0.493827 0.703704 0.0123457 0.703704 0.555556 0.662109 0.137695 0.0390625 0.0556641
53 0.45679 0.716049 0.0493827 0.703704 0.555556 0.741211 0.137695 0.0361328 0.0566406
54 0.481481 0.728395 0.0246914 0.716049 0.555556 0.820312 0.137695 0.0380859 0.0576172
55 0.45679 0.703704 0.0493827 0.703704 0.555556 0.899414 0.137695 0.0361328 0.0556641
56 0.45679 0.728395 0.0493827 0.716049 0.555556 0.0292969 0.246094 0.0361328 0.0576172
57 0.45679 0.728395 0.0493827 0.716049 0.555556 0.108398 0.246094 0.0361328 0.0576172
58 0.0864198 0.518519 0.0864198 0.518519 0.283951 0.1875 0.246094 0.00683594 0.0410156
59 0.0864198 0.666667 0.0864198 0.518519 0.283951 0.266602 0.246094 0.00683594 0.0527344
60 0.45679 0.481481 0.0617284 0.592593 0.580247 0.345703 0.246094 0.0361328 0.0380859
61 0.469136 0.308642 0.0493827 0.518519 0.580247 0.424805 0.246094 0.0371094 0.0244141
62 0.45679 0.481481 0.0617284 0.592593 0.580247 0.503906 0.246094 0.0361328 0.0380859
63 0.45679 0.728395 0.0493827 0.728395 0.555556 0.583008 0.246094 0.0361328 0.0576172
64 0.925926 0.938272 0.0493827 0.728395 1.01235 0.662109 0.246094 0.0732422 0.0742188
65 0.703704 0.716049 -0.0246914 0.716049 0.666667 0.741211 0.246094 0.0556641 0.0566406
66 0.530864 0.716049 0.0864198 0.716049 0.666667 0.820312 0.246094 0.0419922 0.0566406
67 0.62963 0.740741 0.0493827 0.728395 0.728395 0.0292969 0.354492 0.0498047 0.0585938
68 0.592593 0.716049 0.0864198 0.716049 0.728395 0.108398 0.354492 0.046875 0.0566406
69 0.530864 0.716049 0.0864198 0.716049 0.666667 0.1875 0.354492 0.0419922 0.0566406
70 0.469136 0.716049 0.0864198 0.716049 0.604938 0.266602 0.354492 0.0371094 0.0566406
71 0.666667 0.740741 0.0493827 0.728395 0.777778 0.345703 0.354492 0.0527344 0.0585938
72 0.555556 0.716049 0.0864198 0.716049 0.728395 0.424805 0.354492 0.0439453 0.0566406
73 0.0987654 0.716049 0.0864198 0.716049 0.283951 0.503906 0.354492 0.0078125 0.0566406
74 0.395062 0.728395 0.0246914 0.716049 0.506173 0.583008 0.354492 0.03125 0.0576172
75 0.592593 0.716049 0.0864198 0.716049 0.666667 0.662109 0.354492 0.046875 0.0566406
76 0.432099 0.716049 0.0864198 0.716049 0.555556 0.741211 0.354492 0.0341797 0.0566406
77 0.679012 0.716049 0.0740741 0.716049 0.82716 0.820312 0.354492 0.0537109 0.0566406
78 0.555556 0.716049 0.0864198 0.716049 0.728395 0.0292969 0.462891 0.0439453 0.0566406
79 0.679012 0.740741 0.0493827 0.728395 0.777778 0.108398 0.462891 0.0537109 0.0585938
80 0.530864 0.716049 0.0864198 0.716049 0.666667 0.1875 0.462891 0.0419922 0.0566406
81 0.679012 0.790123 0.0493827 0.728395 0.777778 0.266602 0.462891 0.0537109 0.0625
82 0.617284 0.716049 0.0864198 0.716049 0.728395 0.345703 0.462891 0.0488281 0.0566406
83 0.567901 0.740741 0.0493827 0.728395 0.666667 0.424805 0.462891 0.0449219 0.0585938
84 0.567901 0.716049 0.0246914 0.716049 0.617284 0.503906 0.462891 0.0449219 0.0566406
85 0.555556 0.728395 0.0864198 0.716049 0.728395 0.583008 0.462891 0.0439453 0.0576172
86 0.703704 0.716049 -0.0123457 0.716049 0.666667 0.662109 0.462891 0.0556641 0.0566406
87 0.975309 0.716049 0.0123457 0.716049 1 0.741211 0.462891 0.0771484 0.0566406
88 0.654321 0.716049 0 0.716049 0.666667 0.820312 0.462891 0.0517578 0.0566406
89 0.641975 0.716049 0.0123457 0.716049 0.666667 0.0292969 0.571289 0.0507812 0.0566406
90 0.555556 0.716049 0.0246914 0.716049 0.604938 0.108398 0.571289 0.0439453 0.0566406
91 0.185185 0.91358 0.0617284 0.716049 0.283951 0.1875 0.571289 0.0146484 0.0722656
92 0.296296 0.716049 0 0.716049 0.283951 0.266602 0.571289 0.0234375 0.0566406
93 0.185185 0.91358 0.037037 0.716049 0.283951 0.345703 0.571289 0.0146484 0.0722656
94 0.395062 0.382716 0.0246914 0.728395 0.444444 0.424805 0.571289 0.03125 0.0302734
95 0.580247 0.0864198 -0.0123457 -0.111111 0.555556 0.503906 0.571289 0.0458984 0.00683594
96 0.17284 0.135802 0.037037 0.716049 0.333333 0.583008 0.571289 0.0136719 0.0107422
97 0.481481 0.54321 0.037037 0.530864 0.555556 0.662109 0.571289 0.0380859 0.0429688
98 0.45679 0.728395 0.0617284 0.716049 0.555556 0.741211 0.571289 0.0361328 0.0576172
99 0.45679 0.54321 0.037037 0.530864 0.506173 0.820312 0.571289 0.0361328 0.0429688
100 0.45679 0.728395 0.037037 0.716049 0.555556 0.899414 0.571289 0.0361328 0.0576172
101 0.481481 0.54321 0.037037 0.530864 0.555556 0.0292969 0.679688 0.0380859 0.0429688
102 0.308642 0.728395 0.0123457 0.728395 0.283951 0.108398 0.679688 0.0244141 0.0576172
103 0.45679 0.740741 0.037037 0.530864 0.555556 0.1875 0.679688 0.0361328 0.0585938
104 0.407407 0.716049 0.0740741 0.716049 0.555556 0.266602 0.679688 0.0322266 0.0566406
105 0.0864198 0.716049 0.0740741 0.716049 0.222222 0.345703 0.679688 0.00683594 0.0566406
106 0.197531 0.925926 -0.0493827 0.716049 0.209877 0.424805 0.679688 0.015625 0.0732422
107 0.432099 0.716049 0.0617284 0.716049 0.506173 0.503906 0.679688 0.0341797 0.0566406
108 0.0864198 0.716049 0.0740741 0.716049 0.222222 0.583008 0.679688 0.00683594 0.0566406
109 0.703704 0.530864 0.0617284 0.530864 0.82716 0.662109 0.679688 0.0556641 0.0419922
110 0.407407 0.530864 0.0740741 0.530864 0.555556 0.741211 0.679688 0.0322266 0.0419922
111 0.481481 0.54321 0.037037 0.530864 0.555556 0.820312 0.679688 0.0380859 0.0429688
112 0.45679 0.728395 0.0617284 0.530864 0.555556 0.899414 0.679688 0.0361328 0.0576172
113 0.45679 0.728395 0.037037 0.530864 0.555556 0.0292969 0.788086 0.0361328 0.0576172
114 0.271605 0.530864 0.0740741 0.530864 0.333333 0.108398 0.788086 0.0214844 0.0419922
115 0.432099 0.54321 0.037037 0.530864 0.506173 0.1875 0.788086 0.0341797 0.0429688
116 0.246914 0.716049 0.0246914 0.703704 0.283951 0.266602 0.788086 0.0195312 0.0566406
117 0.407407 0.530864 0.0740741 0.518519 0.555556 0.345703 0.788086 0.0322266 0.0419922
118 0.481481 0.518519 0.0123457 0.518519 0.506173 0.424805 0.788086 0.0380859 0.0410156
119 0.728395 0.518519 -0.0123457 0.518519 0.703704 0.503906 0.788086 0.0576172 0.0410156
120 0.493827 0.518519 0.0123457 0.518519 0.506173 0.583008 0.788086 0.0390625 0.0410156
121 0.469136 0.728395 0.0123457 0.518519 0.481481 0.662109 0.788086 0.0371094 0.0576172
122 0.45679 0.518519 0.0123457 0.518519 0.493827 0.741211 0.788086 0.0361328 0.0410156
123 0.283951 0.938272 0.0246914 0.728395 0.333333 0.820312 0.788086 0.0224609 0.0742188
124 0.0740741 0.938272 0.0864198 0.716049 0.246914 0.899414 0.788086 0.00585938 0.0742188
125 0.283951 0.938272 0.0246914 0.728395 0.333333 0.0292969 0.896484 0.0224609 0.0742188
126 0.493827 0.185185 0.037037 0.432099 0.580247 0.108398 0.896484 0.0390625 0.0146484
